<?xml version="1.0"?>
<opencv_storage>
<calibration_Time>"Fri Apr  6 18:10:41 2018"</calibration_Time>
<nrOfFrames>9</nrOfFrames>
<image_Width>640</image_Width>
<image_Height>480</image_Height>
<board_Width>9</board_Width>
<board_Height>6</board_Height>
<square_Size>25.</square_Size>
<FixAspectRatio>1.</FixAspectRatio>
<!-- flags:  +fix_aspectRatio +fix_principal_point +zero_tangent_dist -->
<flagValue>14</flagValue>
<Camera_Matrix type_id="opencv-matrix">
  <rows>3</rows>
  <cols>3</cols>
  <dt>d</dt>
  <data>
    3.9429604339730275e+02 0. 320. 0. 3.9429604339730275e+02 240. 0. 0.
    1.</data></Camera_Matrix>
<Distortion_Coefficients type_id="opencv-matrix">
  <rows>5</rows>
  <cols>1</cols>
  <dt>d</dt>
  <data>
    -3.9418809438723035e-01 2.0702582552259521e-01 0. 0.
    -6.5121323600041109e-02</data></Distortion_Coefficients>
<Avg_Reprojection_Error>5.3044543526215393e-01</Avg_Reprojection_Error>
<Per_View_Reprojection_Errors type_id="opencv-matrix">
  <rows>9</rows>
  <cols>1</cols>
  <dt>f</dt>
  <data>
    4.87488210e-01 5.22881329e-01 6.34597719e-01 4.85215098e-01
    4.97557491e-01 5.14095247e-01 5.48719764e-01 5.44706166e-01
    5.22970438e-01</data></Per_View_Reprojection_Errors>
<!-- a set of 6-tuples (rotation vector + translation vector) for each view -->
<Extrinsic_Parameters type_id="opencv-matrix">
  <rows>9</rows>
  <cols>6</cols>
  <dt>d</dt>
  <data>
    -1.7052900055556397e-01 2.7505788518066780e-02
    -1.2006078607234492e-01 -3.3330247939348673e+01
    -6.1183892135202434e+01 2.2405606811391866e+02
    -1.5723381247309401e-01 2.4871043977663758e-02
    -1.2310089724522284e-01 -3.4825975266420699e+01
    -6.3347552452667642e+01 2.2060320784110584e+02
    -1.4349079946500953e-01 1.4512914655781455e-02
    -1.1974317408485789e-01 -3.7874763716682963e+01
    -6.5542658030779251e+01 2.1933094332531684e+02
    -1.3578527544720470e-01 -9.7745403690810365e-03
    -1.1330186348309350e-01 -4.9864709123007771e+01
    -7.0522232888441238e+01 2.1710556656356073e+02
    -1.3129488360064587e-01 -1.3324624590264402e-02
    -1.1065236705358683e-01 -5.0819563978401398e+01
    -7.1889542025782490e+01 2.1796429994267871e+02
    -1.2556236093173748e-01 -1.6432220756520819e-02
    -1.0989848452935679e-01 -5.0824584637620646e+01
    -7.2590828976753627e+01 2.1781780196018715e+02
    -1.2466213467337808e-01 -1.7988157840767304e-02
    -1.0808615226866880e-01 -5.0051944591382444e+01
    -7.2689800779152364e+01 2.1904761761939159e+02
    -1.2217818178668931e-01 -1.4194455530642724e-02
    -1.0812445399524692e-01 -4.9756997727077078e+01
    -7.2833440354069282e+01 2.1769695784977384e+02
    -1.2500033716594283e-01 -1.7976769551048630e-02
    -1.0855936187279153e-01 -5.1110998578603237e+01
    -7.3027046342406592e+01 2.1876243265562636e+02</data></Extrinsic_Parameters>
<Image_points type_id="opencv-matrix">
  <rows>9</rows>
  <cols>54</cols>
  <dt>"2f"</dt>
  <data>
    2.63814270e+02 1.34802216e+02 3.05883606e+02 1.29769989e+02
    3.48205688e+02 1.25329544e+02 3.89674255e+02 1.21867134e+02
    4.29168488e+02 1.19336792e+02 4.65640564e+02 1.17698387e+02
    4.99845062e+02 1.16444748e+02 5.29471741e+02 1.16697357e+02
    5.56421936e+02 1.17517120e+02 2.66768951e+02 1.74939926e+02
    3.10350555e+02 1.69484299e+02 3.54039886e+02 1.64668198e+02
    3.97090637e+02 1.60485535e+02 4.37583038e+02 1.57102509e+02
    4.75137054e+02 1.54525604e+02 5.09371368e+02 1.52382919e+02
    5.39778015e+02 1.50772293e+02 5.66668274e+02 1.50161285e+02
    2.70412445e+02 2.17372681e+02 3.14891266e+02 2.12174042e+02
    3.60401031e+02 2.06635559e+02 4.04535797e+02 2.01823059e+02
    4.46210175e+02 1.97375885e+02 4.84416779e+02 1.93424194e+02
    5.18961365e+02 1.90052261e+02 5.49478149e+02 1.87107498e+02
    5.76555481e+02 1.84526993e+02 2.74385040e+02 2.62560333e+02
    3.20209473e+02 2.57497223e+02 3.66413361e+02 2.51843430e+02
    4.11694733e+02 2.46109528e+02 4.53971436e+02 2.40518875e+02
    4.92612854e+02 2.35011368e+02 5.27394348e+02 2.30049118e+02
    5.57976868e+02 2.25276306e+02 5.84759277e+02 2.21045044e+02
    2.79296387e+02 3.08437714e+02 3.25454773e+02 3.03669739e+02
    3.72410767e+02 2.98017151e+02 4.17929840e+02 2.91574371e+02
    4.60560364e+02 2.84650818e+02 4.99282990e+02 2.77697327e+02
    5.34267700e+02 2.70731201e+02 5.64608887e+02 2.64322876e+02
    5.91383911e+02 2.58213043e+02 2.84524414e+02 3.54136932e+02
    3.31092285e+02 3.49628021e+02 3.77634338e+02 3.43871826e+02
    4.23346588e+02 3.36654388e+02 4.65769165e+02 3.28769257e+02
    5.04400452e+02 3.20351807e+02 5.39114319e+02 3.11815399e+02
    5.69592407e+02 3.03444122e+02 5.95929443e+02 2.95595825e+02
    2.60693237e+02 1.29818802e+02 3.03340088e+02 1.24654091e+02
    3.45980652e+02 1.20024269e+02 3.87973816e+02 1.16484909e+02
    4.27769012e+02 1.13734627e+02 4.64897614e+02 1.12402184e+02
    4.99484558e+02 1.11210030e+02 5.29352600e+02 1.11564636e+02
    5.56390198e+02 1.12478386e+02 2.63695892e+02 1.70386230e+02
    3.07670044e+02 1.64764099e+02 3.51920135e+02 1.59683838e+02
    3.95487976e+02 1.55462189e+02 4.36493042e+02 1.51948593e+02
    4.74450256e+02 1.49403381e+02 5.08993927e+02 1.47378143e+02
    5.39711670e+02 1.45888672e+02 5.66769531e+02 1.45373001e+02
    2.67377228e+02 2.13293030e+02 3.12386810e+02 2.07719040e+02
    3.58393738e+02 2.02247864e+02 4.03135284e+02 1.97365234e+02
    4.45307861e+02 1.92634140e+02 4.83761322e+02 1.88732056e+02
    5.18729065e+02 1.85416611e+02 5.49554199e+02 1.82486160e+02
    5.76785950e+02 1.80115433e+02 2.71470978e+02 2.59096802e+02
    3.17770538e+02 2.53662094e+02 3.64540924e+02 2.47892303e+02
    4.10463287e+02 2.41997101e+02 4.53325012e+02 2.36280151e+02
    4.92302399e+02 2.30708023e+02 5.27330139e+02 2.25700180e+02
    5.58180603e+02 2.21042648e+02 5.85040283e+02 2.16811478e+02
    2.76599396e+02 3.05482574e+02 3.23272552e+02 3.00506287e+02
    3.70716705e+02 2.94603577e+02 4.16963928e+02 2.88143555e+02
    4.59880157e+02 2.81043427e+02 4.98890747e+02 2.74076935e+02
    5.34266907e+02 2.66910919e+02 5.64795044e+02 2.60478363e+02
    5.91631470e+02 2.54433365e+02 2.82168396e+02 3.51672974e+02
    3.29039063e+02 3.47067688e+02 3.76205658e+02 3.41104370e+02
    4.22346863e+02 3.33666229e+02 4.65339600e+02 3.25600891e+02
    5.04188049e+02 3.17103760e+02 5.39181702e+02 3.08485321e+02
    5.69827942e+02 2.99964813e+02 5.96386047e+02 2.92088593e+02
    2.55518066e+02 1.26087143e+02 2.98319275e+02 1.21011932e+02
    3.41113220e+02 1.16394142e+02 3.83292206e+02 1.13129265e+02
    4.23373779e+02 1.10584770e+02 4.60620636e+02 1.09438004e+02
    4.95421539e+02 1.08422569e+02 5.25409363e+02 1.09333832e+02
    5.52510132e+02 1.10257057e+02 2.58249481e+02 1.66573090e+02
    3.02371979e+02 1.61213989e+02 3.46633606e+02 1.56187073e+02
    3.90425751e+02 1.52126373e+02 4.31598511e+02 1.48870026e+02
    4.69737732e+02 1.46476929e+02 5.04558929e+02 1.44645782e+02
    5.35526428e+02 1.43500809e+02 5.62644836e+02 1.43229492e+02
    2.61499634e+02 2.09481842e+02 3.06466156e+02 2.04205444e+02
    3.52701294e+02 1.98609512e+02 3.97580505e+02 1.93915359e+02
    4.39936951e+02 1.89629379e+02 4.78887451e+02 1.85996811e+02
    5.13828674e+02 1.82701218e+02 5.44996338e+02 1.80162384e+02
    5.72428162e+02 1.77910843e+02 2.65309692e+02 2.55373245e+02
    3.11618439e+02 2.50253662e+02 3.58489044e+02 2.44531448e+02
    4.04606995e+02 2.38720520e+02 4.47551331e+02 2.33345581e+02
    4.86969879e+02 2.28086716e+02 5.22160278e+02 2.23368286e+02
    5.53296814e+02 2.18726517e+02 5.80433167e+02 2.14777939e+02
    2.70002075e+02 3.01800018e+02 3.16898285e+02 2.97071869e+02
    3.64470795e+02 2.91396667e+02 4.10645691e+02 2.85002991e+02
    4.53979492e+02 2.78173492e+02 4.93430542e+02 2.71400635e+02
    5.28823608e+02 2.64628723e+02 5.59630615e+02 2.58373749e+02
    5.86639221e+02 2.52506531e+02 2.75432343e+02 3.48227386e+02
